0011110000111111011110000110110101101100001000000111011001100101011100100111001101101001011011110110111000111101001000100011000100101110001100000010001000100000
0110010101101110011000110110111101100100011010010110111001100111001111010010001001110101011101000110011000101101001110000010001000111111001111100000101000111100
0110110101100001011011100110100101100110011001010111001101110100001000000111100001101101011011000110111001110011001110100110000101101110011001000111001001101111
0110100101100100001111010010001001101000011101000111010001110000001110100010111100101111011100110110001101101000011001010110110101100001011100110010111001100001
0110111001100100011100100110111101101001011001000010111001100011011011110110110100101111011000010111000001101011001011110111001001100101011100110010111101100001
0110111001100100011100100110111101101001011001000010001000001010001000000010000000100000001000000111100001101101011011000110111001110011001110100111010001101111
0110111101101100011100110011110100100010011010000111010001110100011100000011101000101111001011110111001101100011011010000110010101101101011000010111001100101110
0110000101101110011001000111001001101111011010010110010000101110011000110110111101101101001011110111010001101111011011110110110001110011001000100011111000001010
0000101000100000001000000010000000100000001111000110000101110000011100000110110001101001011000110110000101110100011010010110111101101110000010100010000000100000
0010000000100000001000000010000000100000001000000110000101101110011001000111001001101111011010010110010000111010011000010110110001101100011011110111011101000010
0110000101100011011010110111010101110000001111010010001001110100011100100111010101100101001000100000101000100000001000000010000000100000001000000010000000100000
0010000001100001011011100110010001110010011011110110100101100100001110100111010101110011011001010111001101000011011011000110010101100001011100100111010001100101
0111100001110100010101000111001001100001011001100110011001101001011000110011110100100010011101000111001001110101011001010010001000001010001000000010000000100000
0010000000100000001000000010000000100000011000010110111001100100011100100110111101101001011001000011101001100100011000010111010001100001010001010111100001110100
0111001001100001011000110111010001101001011011110110111001010010011101010110110001100101011100110011110100100010010000000111100001101101011011000010111101100100
0110000101110100011000010101111101100101011110000111010001110010011000010110001101110100011010010110111101101110010111110111001001110101011011000110010101110011
0010001000001010001000000010000000100000001000000010000000100000001000000010000001100001011011100110010001110010011011110110100101100100001110100110011001110101
0110110001101100010000100110000101100011011010110111010101110000010000110110111101101110011101000110010101101110011101000011110100100010010000000111100001101101
0110110000101111011000100110000101100011011010110111010101110000010111110111001001110101011011000110010101110011001000100000101000100000001000000010000000100000
0010000000100000001000000010000001100001011011100110010001110010011011110110100101100100001110100110100101100011011011110110111000111101001000100100000001101101
0110100101110000011011010110000101110000001011110110100101100011010111110110110001100001011101010110111001100011011010000110010101110010001000100000101000100000
0010000000100000001000000010000000100000001000000010000001100001011011100110010001110010011011110110100101100100001110100110110001100001011000100110010101101100
0011110100100010010000000111001101110100011100100110100101101110011001110010111101100001011100000111000001011111011011100110000101101101011001010010001000001010
0010000000100000001000000010000000100000001000000010000000100000011000010110111001100100011100100110111101101001011001000011101001110010011011110111010101101110
0110010001001001011000110110111101101110001111010010001001000000011011010110100101110000011011010110000101110000001011110110100101100011010111110110110001100001
0111010101101110011000110110100001100101011100100101111101110010011011110111010101101110011001000010001000001010001000000010000000100000001000000010000000100000
0010000000100000011000010110111001100100011100100110111101101001011001000011101001110011011101010111000001110000011011110111001001110100011100110101001001110100
0110110000111101001000100111010001110010011101010110010100100010000010100010000000100000001000000010000000100000001000000010000000100000011000010110111001100100
0111001001101111011010010110010000111010011101000110100001100101011011010110010100111101001000100100000001110011011101000111100101101100011001010010111101010100
0110100001100101011011010110010100101110010000010110111001100100011100100110111101101001011001000100000101110000011100000101011101101001011101000110100001000110
0110110001100001011100110110101101000010011000010110001101101011011001010110111001100100001000100000101000100000001000000010000000100000001000000010000000100000
0010000001110100011011110110111101101100011100110011101001110100011000010111001001100111011001010111010001000001011100000110100100111101001000100011001100110001
0010001000111110000010100010000000100000001000000010000000100000001000000010000000100000001111000110000101100011011101000110100101110110011010010111010001111001
0000101000100000001000000010000000100000001000000010000000100000001000000010000000100000001000000010000001100001011011100110010001110010011011110110100101100100
0011101001101110011000010110110101100101001111010010001000101110010011010110000101101001011011100100000101100011011101000110100101110110011010010111010001111001
0010001000001010001000000010000000100000001000000010000000100000001000000010000000100000001000000010000000100000011000010110111001100100011100100110111101101001
0110010000111010011001010111100001110000011011110111001001110100011001010110010000111101001000100111010001110010011101010110010100100010001111100000101000100000
0010000000100000001000000010000000100000001000000010000000100000001000000010000000100000001111000110100101101110011101000110010101101110011101000010110101100110
0110100101101100011101000110010101110010001111100000101000100000001000000010000000100000001000000010000000100000001000000010000000100000001000000010000000100000
0010000000100000001000000011110001100001011000110111010001101001011011110110111000100000011000010110111001100100011100100110111101101001011001000011101001101110
0110000101101101011001010011110100100010011000010110111001100100011100100110111101101001011001000010111001101001011011100111010001100101011011100111010000101110
0110000101100011011101000110100101101111011011100010111001001101010000010100100101001110001000100010000000101111001111100000101000001010001000000010000000100000
0010000000100000001000000010000000100000001000000010000000100000001000000010000000100000001000000010000000111100011000110110000101110100011001010110011101101111
0111001001111001001000000110000101101110011001000111001001101111011010010110010000111010011011100110000101101101011001010011110100100010011000010110111001100100
0111001001101111011010010110010000101110011010010110111001110100011001010110111001110100001011100110001101100001011101000110010101100111011011110111001001111001
0010111001001100010000010101010101001110010000110100100001000101010100100010001000100000001011110011111000001010001000000010000000100000001000000010000000100000
0010000000100000001000000010000000100000001000000011110000101111011010010110111001110100011001010110111001110100001011010110011001101001011011000111010001100101
0111001000111110000010100000101000100000001000000010000000100000001000000010000000100000001000000010000000100000001000000010000000111100011011010110010101110100
0110000100101101011001000110000101110100011000010000101000100000001000000010000000100000001000000010000000100000001000000010000000100000001000000010000000100000
0010000000100000001000000110000101101110011001000111001001101111011010010110010000111010011011100110000101101101011001010011110100100010011000010110111001100100
0111001001101111011010010110010000101110011000010111000001110000001011100110110001101001011000100101111101101110011000010110110101100101001000100000101000100000
0010000000100000001000000010000000100000001000000010000000100000001000000010000000100000001000000010000000100000001000000110000101101110011001000111001001101111
0110100101100100001110100111011001100001011011000111010101100101001111010010001000100010001000000010111100111110000010100010000000100000001000000010000000100000
0010000000100000001000000011110000101111011000010110001101110100011010010111011001101001011101000111100100111110000010100010000000100000001000000010000000111100
0010111101100001011100000111000001101100011010010110001101100001011101000110100101101111011011100011111000001010001000000010000000100000001000000011110001110101
0111001101100101011100110010110101110000011001010111001001101101011010010111001101110011011010010110111101101110001000000110000101101110011001000111001001101111
0110100101100100001110100110111001100001011011010110010100111101001000100110000101101110011001000111001001101111011010010110010000101110011100000110010101110010
0110110101101001011100110111001101101001011011110110111000101110010010010100111001010100010001010101001001001110010001010101010000100010001000000010111100111110
000010100011110000101111011011010110000101101110011010010110011001100101011100110111010000111110