0110010001100001011110010010110001101111011101010111010001101100011011110110111101101011001011000111010001100101011011010111000000101100011010000111010101101101
0110100101100100011010010111010001111001001011000111011101101001011011100110010000101100011100000110110001100001011110010000101001000100001100010010110001010011
0111010101101110011011100111100100101100010010000110111101110100001011000100100001101001011001110110100000101100010101110110010101100001011010110010110001001110
0110111100001010010001000011001000101100010100110111010101101110011011100111100100101100010010000110111101110100001011000100100001101001011001110110100000101100
0101001101110100011100100110111101101110011001110010110001001110011011110000101001000100001100110010110001001111011101100110010101110010011000110110000101110011
0111010000101100010010000110111101110100001011000100100001101001011001110110100000101100010101110110010101100001011010110010110001011001011001010111001100001010
0100010000110100001011000101001001100001011010010110111000101100010011010110100101101100011001000010110001001000011010010110011101101000001011000101011101100101
0110000101101011001011000101100101100101011100110000101001000100001101010010110001010010011000010110100101101110001011000100001101101111011011110110110000101100
0100111001101111011100100110110101100001011011000010110001010111011001010110000101101011001011000101100101100101011100110000101001000100001101100010110001010010
0110000101101001011011100010110001000011011011110110111101101100001011000100111001101111011100100110110101100001011011000010110001010011011101000111001001101111
0110111001100111001011000100111001101111000010100100010000110111001011000100111101110110011001010111001001100011011000010111001101110100001011000100001101101111
0110111101101100001011000100111001101111011100100110110101100001011011000010110001010011011101000111001001101111011011100110011100101100010110010110010101110011
0000101001000100001110000010110001010011011101010110111001101110011110010010110001001101011010010110110001100100001011000100100001101001011001110110100000101100
0101011101100101011000010110101100101100010011100110111100001010010001000011100100101100010100110111010101101110011011100111100100101100010000110110111101101111
0110110000101100010011100110111101110010011011010110000101101100001011000101011101100101011000010110101100101100010110010110010101110011000010100100010000110001
0011000000101100010100100110000101101001011011100010110001001101011010010110110001100100001011000100111001101111011100100110110101100001011011000010110001010111
0110010101100001011010110010110001011001011001010111001100001010010001000011000100110001001011000101001101110101011011100110111001111001001011000100110101101001
0110110001100100001011000100111001101111011100100110110101100001011011000010110001010011011101000111001001101111011011100110011100101100010110010110010101110011
0000101001000100001100010011001000101100010011110111011001100101011100100110001101100001011100110111010000101100010011010110100101101100011001000010110001001000
0110100101100111011010000010110001010011011101000111001001101111011011100110011100101100010110010110010101110011000010100100010000110001001100110010110001001111
0111011001100101011100100110001101100001011100110111010000101100010010000110111101110100001011000100111001101111011100100110110101100001011011000010110001010111
0110010101100001011010110010110001011001011001010111001100001010010001000011000100110100001011000101001001100001011010010110111000101100010011010110100101101100
0110010000101100010010000110100101100111011010000010110001010011011101000111001001101111011011100110011100101100010011100110111100001010
0110000101101001011011100010110001000011011011110110111101101100001011000100111001101111011100100110110101100001011011000010110001010011011101000111001001101111
0110111001100111001011000100111001101111000010100100010000110111001011000100111101110110011001010111001001100011011000010111001101110100001011000100001101101111
0110111101101100001011000100111001101111011100100110110101100001011011000010110001010011011101000111001001101111011011100110011100101100010110010110010101110011
0000101001000100001110000010110001010011011101010110111001101110011110010010110001001101011010010110110001100100001011000100100001101001011001110110100000101100
0101011101100101011000010110101100101100010011100110111100001010010001000011100100101100010100110111010101101110011011100111100100101100010000110110111101101111
0110110000101100010011100110111101110010011011010110000101101100001011000101011101100101011000010110101100101100010110010110010101110011000010100100010000110001
0011000000101100010100100110000101101001011011100010110001001101011010010110110001100100001011000100111001101111011100100110110101100001011011000010110001010111
0110010101100001011010110010110001011001011001010111001100001010010001000011000100110001001011000101001101110101011011100110111001111001001011000100110101101001
0110110001100100001011000100111001101111011100100110110101100001011011000010110001010011011101000111001001101111011011100110011100101100010110010110010101110011
0000101001000100001100010011001000101100010011110111011001100101011100100110001101100001011100110111010000101100010011010110100101101100011001000010110001001000
0110100101100111011010000010110001010011011101000111001001101111011011100110011100101100010110010110010101110011000010100100010000110001001100110010110001001111
0111011001100101011100100110001101100001011100110111010000101100010010000110111101110100001011000100111001101111011100100110110101100001011011000010110001010111
0110010101100001011010110010110001011001011001010111001100001010010001000011000100110100001011000101001001100001011010010110111000101100010011010110100101101100
0110010000101100010010000110100101100111011010000010110001010011011101000111001001101111011011100110011100101100010011100110111100001010